%YAML:1.0
---
R: !!opencv-matrix
   rows: 3
   cols: 3
   dt: d
   data: [ 9.9894854403132471e-01, -8.2105835269054919e-03,
       -4.5104242548169825e-02, 8.5484217431398384e-03,
       9.9993679778205102e-01, 7.3023918738367643e-03,
       4.5041434961575540e-02, -7.6802838180220498e-03,
       9.9895559579847026e-01 ]
T: !!opencv-matrix
   rows: 3
   cols: 1
   dt: d
   data: [ -1.1971767566914759e+01, 1.4122687003606776e-01,
       -1.8485716394876082e+00 ]
R1: !!opencv-matrix
   rows: 3
   cols: 3
   dt: d
   data: [ 9.9395474488666680e-01, -2.0942781551956960e-02,
       1.0777460284384263e-01, 2.0588547325980068e-02,
       9.9977835753463429e-01, 4.3985820845700609e-03,
       -1.0784283395890001e-01, -2.1530690225427334e-03,
       9.9416562375566853e-01 ]
R2: !!opencv-matrix
   rows: 3
   cols: 3
   dt: d
   data: [ 9.8822050586757937e-01, -1.1657701184813683e-02,
       1.5259203709863498e-01, 1.2159740948866727e-02,
       9.9992328908067252e-01, -2.3572556386853849e-03,
       -1.5255285144133507e-01, 4.1849680017001416e-03,
       9.8828645319054276e-01 ]
P1: !!opencv-matrix
   rows: 3
   cols: 4
   dt: d
   data: [ 3.6681802303051944e+02, 0., 3.0214607350925178e+02, 0., 0.,
       3.6681802303051944e+02, 2.4290319260302198e+02, 0., 0., 0., 1.,
       0. ]
P2: !!opencv-matrix
   rows: 3
   cols: 4
   dt: d
   data: [ 3.6681802303051944e+02, 0., 3.0214607350925178e+02,
       -4.4438058965607179e+03, 0., 3.6681802303051944e+02,
       2.4290319260302198e+02, 0., 0., 0., 1., 0. ]
Q: !!opencv-matrix
   rows: 4
   cols: 4
   dt: d
   data: [ 1., 0., 0., -3.0214607350925178e+02, 0., 1., 0.,
       -2.4290319260302198e+02, 0., 0., 0., 3.6681802303051944e+02, 0.,
       0., 8.2545914823691585e-02, 0. ]
