%YAML:1.0
---
M1: !!opencv-matrix
   rows: 3
   cols: 3
   dt: d
   data: [ 4.4511174987816457e+02, 0., 3.7718508467159813e+02, 0.,
       4.4605441194316825e+02, 2.5314921849183068e+02, 0., 0., 1. ]
D1: !!opencv-matrix
   rows: 4
   cols: 1
   dt: d
   data: [ -2.9741823580653848e-01, 7.4779859303094476e-01,
       -1.2074304906900557e+00, 7.0366603114546178e-01 ]
M2: !!opencv-matrix
   rows: 3
   cols: 3
   dt: d
   data: [ 4.3449656918632371e+02, 0., 3.9836660063489956e+02, 0.,
       4.3349030429943781e+02, 2.3240325086583559e+02, 0., 0., 1. ]
D2: !!opencv-matrix
   rows: 4
   cols: 1
   dt: d
   data: [ -1.9641158503211834e-01, 3.8525197909655673e-01,
       -6.4787381288257850e-01, 3.7964928388717534e-01 ]
